65543245
87891853
61757006
11499229
36766662
94872748
20080144
21287539
91836102
93917598
37150839
27608401
43851672
60282603
47259279
42328665
34028547
17653915
90930924
43003826
68184811
82177374
59451799
54249498
55732407
9812275
10754852
17128683
38351724
1782018
26785216
37146504
8514634
15628676
19273130
36062740
7543074
42583704
54720792
58354474
56011328
31913607
61464780
62671966
8283228
14018203
97848083
3070511
43247995
8099619
90325933
31100190
35709354
25857384
15157059
60064324
48446941
9763133
41576443
58518161
13807024
69275106
61007347
23013627
59389632
83464473
36127117
92645372
51747090
2902149
93858154
76698713
55764756
41615253
55917202
58209614
24876834
4841843
13592107
95181148
66197483
31139618
46669666
5991413
49190115
925317
88007123
69359890
72935164
19049515
26051220
29774017
87850617
56975945
23261792
43222123
11994813
7281743
70755381
55327133
61901969
89315429
32691952
24843490
66590670
18880367
46533466
25186788
85207786
27879882
14335757
76314351
22398383
86701666
90974306
9299614
45548521
56794825
37499756
53682688
12146748
82000995
23098785
51729274
85159907
50636422
3597505
56553590
18181535
30053163
47810286
76924609
72762793
11160219
16607602
21004036
85495300
36120331
31695864
85558079
12869327
45806975
30583787
69018355
99809667
72168332
71888610
46029922
3896988
26775827
95627645
31576429
8622730
11734656
10246991
39395096
33542834
65427892
14475137
66409366
46590749
52224923
31089506
11358048
50477247
94138063
81281747
66583630
13560023
390205
86482935
42369477
36036147
11584896
98553826
67790168
26109381
62342023
43226931
76704992
31572955
66227675
93345541
44007994
29454793
50892838
2922563
27690474
10693853
59376335
17105782
31293580
79341171
22834765
7469059
18469613
54654557
13570151
32947587
21601784
38605170
34446210
39642109
52561824
17197283
55227419
89324981
72957968
23915880
65092800
50632736
78130111
44902010
62760977
75372356
49687264
29659361
10218535
16507877
69343159
85835748
93187700
90776435
25508656
55428740
74253649
79606831
71983383
79365254
88105371
97415344
41339746
16830239
89803969
52664323
29723626
81038860
36827830
30513043
8687278
73881742
80424774
72179714
47528733
52632923
15518667
23453863
76459402
2567197
16894090
23055646
47393395
26927874
2971315
64910080
62518883
57254401
2087438
19918697
77795996
42480791
67243358
78501791
71015837
74783695
21925427
44762506
10033638
6475763
93302083
31700358
97675823
96243053
92605051
37032658
88353290
57815038
91461610
6679683
81036222
56090290
9542445
80727652
97148211
95840260
89930877
57657834
63038122
88006711
31341999
14983349
58464111
57719535
60622780
56293533
81619292
29454920
52700169
4946377
39793703
